%YAML:1.0
description: frown
samples:
   - !!opencv-matrix
      rows: 198
      cols: 1
      dt: d
      data: [ -2.1703740458106324e+01, -2.0973759072887475e+01,
          -1.9836176061174552e+01, -1.8251313775753065e+01,
          -1.5748471332539413e+01, -1.2219135162951641e+01,
          -8.0172944596385971e+00, -3.2939183649956432e+00,
          1.9032228661869723e+00, 6.7892432487901795e+00,
          1.1142836681718290e+01, 1.4978869954516012e+01,
          1.7854778320728833e+01, 1.9315206162248153e+01,
          1.9969068403512487e+01, 2.0370853203241396e+01,
          2.0485410413787882e+01, -1.7867477201212612e+01,
          -1.5136434098833764e+01, -1.1913086786291290e+01,
          -8.7250671610636630e+00, -5.6798704891226999e+00,
          3.4518111036463432e+00, 6.4776316257897930e+00,
          9.7126694564494578e+00, 1.3115895316034056e+01,
          1.6246045344987298e+01, -1.1072221000940996e+00,
          -7.7861988783466207e-01, -4.3057111859063357e-01,
          -8.0704742713869543e-02, -3.9335511660489928e+00,
          -2.0738367089018670e+00, -8.1479040010104586e-02,
          1.9957884642029844e+00, 3.8763438965501686e+00,
          -1.3845413964849529e+01, -1.1783379948982983e+01,
          -9.1993072899600108e+00, -7.0707141865864793e+00,
          -9.2916553627283243e+00, -1.1646035924127993e+01,
          5.7131865647960494e+00, 7.6712512319608521e+00,
          1.0331246639252969e+01, 1.2715455184565947e+01,
          1.0574873961613253e+01, 8.1339007957888967e+00,
          -7.1670093487726909e+00, -4.8321626170756957e+00,
          -2.2736709326917808e+00, 3.1293393322286633e-01,
          2.8690918450194083e+00, 5.5841920336901314e+00,
          8.2439966473084425e+00, 6.1107673741977893e+00,
          3.4033073559274931e+00, 5.6460809830885117e-01,
          -2.2398387210444439e+00, -4.9828321768841981e+00,
          -2.3867510133619305e+00, 3.9290610953324645e-01,
          3.1514554268426811e+00, 3.1044219121516043e+00,
          2.9577978479816130e-01, -2.4837075400041830e+00,
          -4.5739100460470103e+00, 2.3332546356057010e-01,
          4.9938657992211217e+00, 9.4375328201017528e+00,
          1.3275112399681376e+01, 1.6448250421692535e+01,
          1.8978756853509374e+01, 2.0693406435413934e+01,
          2.0717975440006231e+01, 2.0092367381334036e+01,
          1.8171880831360649e+01, 1.5513873090575215e+01,
          1.2059013055352160e+01, 7.7186368728928318e+00,
          2.6765475040537727e+00, -2.6527966012966124e+00,
          -7.9799651646470702e+00, -1.3963071133314569e+01,
          -1.5718269159022078e+01, -1.6212697444767358e+01,
          -1.6005249166951575e+01, -1.5319821423136103e+01,
          -1.6433070980307900e+01, -1.7771977595096999e+01,
          -1.8603712241406605e+01, -1.8655944995351955e+01,
          -1.7339276807502543e+01, -1.1185161200256612e+01,
          -7.8899458988128401e+00, -4.6423574408721935e+00,
          -1.3944802246011556e+00, 1.9995589881212328e+00,
          2.6116431363673396e+00, 2.7189046462462922e+00,
          2.2714912101967011e+00, 1.3518147920240176e+00,
          -9.8493484827426965e+00, -1.1392608043379987e+01,
          -1.1527684133624433e+01, -1.0200497858257703e+01,
          -9.5616908560532128e+00, -9.3103867556623516e+00,
          -1.1466525144549303e+01, -1.3283943998350418e+01,
          -1.3543468446638954e+01, -1.2398856639061266e+01,
          -1.1461960363856637e+01, -1.1233709754586815e+01,
          8.8266880679791058e+00, 7.3506337677928624e+00,
          6.4501407922016760e+00, 6.5070480590624378e+00,
          6.0209307380875128e+00, 6.5369740692238754e+00,
          7.5571181253132709e+00, 9.4119443106739737e+00,
          1.0452166318327514e+01, 1.0793799295480300e+01,
          1.0933531275562972e+01, 1.0330089654293424e+01,
          8.4353599884299868e+00, 8.2969317466683350e+00,
          7.9463405594668215e+00, 7.7254024186798960e+00,
          7.8368053612068103e+00, 8.1966638253104644e+00,
          2.1207756133333238e+01, 2.0740754158959014e+01,
          2.0557632354873707e+01, 1.8359324915308431e+01,
          1.3434998782152979e+01, 8.1113213264444273e+00,
          3.5307707319750752e+00, -8.9303575800638513e-01,
          -4.1997561709570181e+00, -1.0795520593282497e+00,
          3.4191090726507132e+00, 8.1367632184447665e+00,
          1.3653367851069373e+01, 1.8785265404598416e+01,
          2.1057835439874925e+01, 2.1473076688059450e+01,
          2.2091010027850604e+01, 1.6415807248169381e-01,
          -1.4255755920164122e+00, -2.9225852126168910e+00,
          -4.3918811595118195e+00, -5.7300969338077330e+00,
          -5.3760153801983508e+00, -4.0495117205068096e+00,
          -2.5600628727924519e+00, -1.0732704452668833e+00,
          4.5036151851643519e-01, -4.9408953185659366e+00,
          -7.7601524698540025e+00, -1.0829955955654061e+01,
          -1.3703672153359710e+01, -6.6571621473369120e+00,
          -7.5210911102839058e+00, -8.2032874685777895e+00,
          -7.5151410504065019e+00, -6.5684679979305223e+00,
          -6.0572978347739403e-01, -8.8477422978711773e-01,
          -1.1487048611974311e+00, -1.2199092751719611e+00,
          -1.1728230617593696e+00, -1.0836547452545136e+00,
          -9.2473478091892969e-01, -8.6893777551952489e-01,
          -6.0776398016694633e-01, -3.5195078305725475e-01,
          -8.2464407082595093e-01, -9.3698893802231042e-01,
          -2.8774333656501838e+00, -4.8396994541524636e+00,
          -6.5104070700674743e+00, -8.3606117290655906e+00,
          -6.6680037033898891e+00, -4.9473351839943200e+00,
          -2.8960484939700999e+00, -4.1176770766396240e+00,
          -5.3274594023861530e+00, -6.3401419901329037e+00,
          -5.1949689985574548e+00, -4.0407266963569013e+00,
          -5.4586437263983107e+00, -7.7457555281041408e+00,
          -5.6668826754057138e+00, -4.8781098849272473e+00,
          -6.6077074521613168e+00, -4.6639955549427228e+00 ]
