%YAML:1.0
description: happy
samples:
   - !!opencv-matrix
      rows: 198
      cols: 1
      dt: d
      data: [ -2.0956425350604327e+01, -2.0138551424606746e+01,
          -1.8963768563328657e+01, -1.7514089435870545e+01,
          -1.5365171458502711e+01, -1.2196434394960407e+01,
          -8.2499225573954966e+00, -3.6801410379811448e+00,
          1.4108162976134524e+00, 6.3689430223503809e+00,
          1.0573837045011883e+01, 1.4172351409250819e+01,
          1.6985990987530705e+01, 1.8614139939032448e+01,
          1.9416662935829667e+01, 1.9916892917393149e+01,
          2.0076872452240405e+01, -1.7685690519036175e+01,
          -1.5157088578038733e+01, -1.2038923932824858e+01,
          -8.8267835510803145e+00, -5.7032287385947162e+00,
          3.3782904310093453e+00, 6.3638498594009141e+00,
          9.5439593342897222e+00, 1.2785711958541807e+01,
          1.5659334493554706e+01, -9.3947512508864861e-01,
          -6.6005017325934712e-01, -3.7147992829698123e-01,
          -8.3055521422711664e-02, -3.7130485981383989e+00,
          -1.8494944756774685e+00, 1.4226276713122035e-01,
          2.1245945741589196e+00, 3.9139947086862277e+00,
          -1.3594844586953622e+01, -1.1478730914821998e+01,
          -8.8618687950129615e+00, -6.6525227156110791e+00,
          -8.9503465770849182e+00, -1.1335929612131100e+01,
          5.0978377631202605e+00, 7.0778763529290583e+00,
          9.7197892588993895e+00, 1.2110827543121237e+01,
          9.9492473127295327e+00, 7.5184858136075743e+00,
          -7.1351770374751986e+00, -4.6870817022925220e+00,
          -2.0668987359209803e+00, 5.3247560497618918e-01,
          3.0761019408514674e+00, 5.7868306694831961e+00,
          8.4240924825481311e+00, 6.4688940236546113e+00,
          3.8265294434515460e+00, 8.5356068468903734e-01,
          -2.1105618211944912e+00, -4.9221425611088900e+00,
          -2.4728421361430506e+00, 6.5634479959765524e-01,
          3.7318189532167634e+00, 3.8243656531594579e+00,
          6.3383911091249656e-01, -2.5708139158397554e+00,
          -4.8541866009516577e+00, 1.0420265172007687e-01,
          5.0382189550251910e+00, 9.6644019912119639e+00,
          1.3642639440459405e+01, 1.6946219674522677e+01,
          1.9607159719034478e+01, 2.1372523927340694e+01,
          2.1401414290221606e+01, 2.0690025919406690e+01,
          1.8386468562122296e+01, 1.5384104663206884e+01,
          1.1829331330019214e+01, 7.5939883507229986e+00,
          2.6976406008985805e+00, -2.4934826960949898e+00,
          -7.6839315304530054e+00, -1.3859927436933644e+01,
          -1.5920242951872593e+01, -1.6832089910902241e+01,
          -1.6928176227170752e+01, -1.6422206870026738e+01,
          -1.7403173542685998e+01, -1.8488942247689071e+01,
          -1.8977733892806135e+01, -1.8643063280406167e+01,
          -1.7062919037548060e+01, -1.1684683533389562e+01,
          -8.1576797877883038e+00, -4.6729313339611842e+00,
          -1.1781666220865015e+00, 2.2745553611441665e+00,
          2.8546121254807746e+00, 2.9492424299935136e+00,
          2.5455276338083683e+00, 1.6708333923124747e+00,
          -9.9996322505339297e+00, -1.1521373316605695e+01,
          -1.1691909819820708e+01, -1.0383011826389772e+01,
          -9.8393113747119454e+00, -9.5950892130160312e+00,
          -1.1473896776382043e+01, -1.3209818491059620e+01,
          -1.3496463321827649e+01, -1.2367173114787485e+01,
          -1.1534003625301120e+01, -1.1346446754371238e+01,
          8.6253334771740668e+00, 7.2424643407446014e+00,
          6.4188602164663973e+00, 6.4335832875043195e+00,
          5.9819138472565641e+00, 6.3612588326951371e+00,
          7.3084521585367916e+00, 9.4486598863674747e+00,
          1.0821007928920425e+01, 1.1252044299396804e+01,
          1.1311293992029933e+01, 1.0419311399663794e+01,
          8.3290578373537620e+00, 8.1447286626073794e+00,
          7.8076732453117597e+00, 8.1126774761052438e+00,
          8.3931464135577620e+00, 8.6572230635818439e+00,
          2.1386852629227818e+01, 2.0720311535286989e+01,
          2.0490289984854609e+01, 1.8483360598574926e+01,
          1.3557009643960004e+01, 8.1441657181612701e+00,
          3.4349161267056396e+00, -8.8951559928985557e-01,
          -4.2528858752296568e+00, -9.8634490477397707e-01,
          3.4399322810320014e+00, 8.1882577084050396e+00,
          1.3642075199616810e+01, 1.8705611665419212e+01,
          2.0841614737604733e+01, 2.1226949034460539e+01,
          2.1854666341161153e+01, 1.8274979022154056e-01,
          -1.4884417528203711e+00, -2.9238591186166070e+00,
          -4.3062810719209184e+00, -5.5653599144810535e+00,
          -5.3219724992268054e+00, -4.0465615066877785e+00,
          -2.6267480080950021e+00, -1.1530989747608440e+00,
          5.0592779651610376e-01, -4.8795750256042183e+00,
          -7.8277610764720027e+00, -1.0926367544550100e+01,
          -1.3732181074735703e+01, -6.7651294714936530e+00,
          -7.5668559979289975e+00, -8.1795401470738192e+00,
          -7.5543815831418355e+00, -6.8083470725938104e+00,
          -5.9880036575540663e-01, -9.0311643390792096e-01,
          -1.2089867389557343e+00, -1.2430660028538600e+00,
          -1.1982794769029228e+00, -1.0938575507315527e+00,
          -9.9741697646606020e-01, -1.0296615194273770e+00,
          -6.7308707204287843e-01, -3.1293373916886036e-01,
          -8.1945393211694539e-01, -9.3365612945080911e-01,
          -2.7646002015840012e+00, -4.8771038810385754e+00,
          -6.5856257763257933e+00, -8.4717703102437234e+00,
          -6.6068614344428598e+00, -4.8639282254030975e+00,
          -2.6602469413747887e+00, -4.0107533846970602e+00,
          -5.1979096922762773e+00, -6.3811380203396277e+00,
          -5.1637558837251012e+00, -3.9727070690423321e+00,
          -5.4279606566281746e+00, -7.7451037082537706e+00,
          -5.4933113524728752e+00, -4.6924610737819794e+00,
          -6.4642996762132752e+00, -4.6115179635872385e+00 ]
